"0",""
"0","General_Samples %>% "
"0","  group_by(Ambient.Or.OAH, Pregnant.Or.Atresia) %>%"
"0","  shapiro_test(Hct....)"
